20
19
1 13 7 1 17 2 9 9 1 12 9 5 2 2 1 8 1 16 9 
13
3 6 8 13 15 3 3 15 3 17 14 3 12 
6
17 1 1 2 3 4 
3
2 1 11 
6
8 1 1 1 17 1 
18
13 4 11 11 6 5 16 8 4 12 2 6 6 9 16 1 15 9 
7
15 1 4 16 4 11 7 
7
1 1 1 1 1 2 19 
18
1 7 2 2 2 15 16 11 2 9 17 8 6 6 2 1 2 2 
17
1 16 16 10 8 11 13 9 12 4 1 1 4 7 16 16 2 
15
5 12 5 4 2 3 9 16 3 10 5 17 7 5 16 
8
5 14 16 17 6 1 12 6 
4
4 3 17 2 
7
3 17 7 8 4 16 1 
14
14 4 4 9 11 2 14 17 7 9 14 13 9 2 
16
11 15 6 16 1 5 11 1 15 11 1 5 5 9 14 16 
15
17 11 5 10 3 9 10 17 17 14 12 16 6 1 9 
13
4 8 12 8 9 2 6 1 8 1 14 7 5 
6
1 2 3 3 4 20 
4
1 1 1 20

