100
27
12 48 54 52 65 53 91 84 169 133 153 111 154 157 62 9 171 154 159 174 79 1 68 174 48 145 144 
191
58 143 16 70 146 25 77 166 34 167 9 5 58 161 71 14 76 88 176 50 197 137 179 78 93 49 54 140 150 153 131 10 98 102 35 3 83 111 124 116 36 132 120 94 95 146 63 127 36 41 176 35 134 157 69 29 162 122 125 114 78 58 79 131 116 114 89 1 180 16 116 19 147 191 68 1 139 130 127 130 171 105 164 63 20 188 91 137 113 171 9 146 185 88 35 103 157 124 59 139 95 174 113 197 167 180 197 64 69 126 193 195 186 115 60 162 106 106 101 174 80 110 122 67 153 112 125 112 191 183 9 88 159 122 88 84 104 43 103 128 125 98 125 113 15 184 33 76 93 134 52 128 2 129 194 154 44 121 24 190 62 32 81 23 153 124 62 16 166 164 143 93 20 71 162 187 13 194 66 61 86 117 188 43 5 140 196 4 19 22 193 
82
10 32 58 162 111 119 133 80 41 35 128 60 61 48 50 73 1 115 90 42 187 80 85 147 23 39 150 41 17 102 121 26 89 178 143 3 56 79 82 52 113 165 112 173 169 117 4 169 187 93 13 132 129 53 82 151 92 187 147 108 91 26 133 180 160 78 138 18 112 175 25 27 142 136 155 113 55 115 40 44 10 53 
178
138 105 16 47 152 5 150 62 52 175 194 187 137 31 127 110 142 104 135 169 4 29 82 73 40 196 112 39 162 120 170 58 28 185 105 179 146 57 197 197 187 149 142 127 179 71 192 124 130 85 51 133 70 88 8 109 87 76 147 7 195 120 64 178 107 168 116 11 180 115 10 170 66 107 55 48 133 5 127 65 90 133 154 159 23 117 26 109 192 172 71 190 94 135 170 157 105 88 167 88 158 133 16 27 42 70 30 175 74 156 195 119 91 151 36 69 71 61 134 65 36 7 13 85 141 183 44 49 29 167 92 187 102 63 16 99 132 1 32 161 156 30 83 5 136 74 73 162 135 9 30 126 16 195 13 156 180 13 160 165 179 10 154 39 72 125 93 159 125 125 123 39 110 161 43 48 190 71 
15
127 36 195 55 7 148 24 118 131 36 37 98 170 46 10 
166
74 134 59 35 17 183 113 55 51 32 53 55 25 123 23 107 114 20 118 120 123 141 194 56 132 33 109 60 78 74 26 107 10 84 142 26 26 13 36 32 45 88 86 25 167 108 131 83 83 51 159 9 147 155 20 37 187 85 96 23 158 121 130 168 161 30 149 142 195 185 173 42 31 18 66 197 125 153 39 11 159 197 172 65 110 191 101 55 78 197 33 39 76 118 162 192 103 69 92 101 56 68 142 87 85 164 42 165 75 80 131 36 35 105 100 100 55 157 154 132 112 143 126 143 63 90 138 166 115 32 25 126 55 166 168 95 88 13 19 118 48 149 110 83 13 12 182 67 124 95 1 38 40 83 181 58 128 121 179 45 108 6 171 119 128 141 
171
171 109 187 92 157 95 4 42 107 168 179 173 95 32 129 132 71 14 71 85 142 147 22 142 58 28 115 132 111 15 103 84 123 49 131 82 143 90 79 52 17 61 27 111 92 155 1 119 125 72 159 69 21 180 166 34 163 84 121 76 98 180 116 176 31 5 61 129 95 139 180 111 2 162 177 50 75 133 124 2 160 85 26 137 67 192 126 186 34 50 64 131 32 135 65 18 140 125 146 190 23 128 103 177 48 38 29 122 170 152 124 133 192 149 28 62 99 153 6 132 5 69 21 189 160 86 9 102 13 154 94 35 40 152 15 43 189 196 165 117 107 47 8 101 151 35 118 53 188 123 184 148 148 8 140 110 49 104 167 17 17 63 52 56 170 22 99 117 173 22 189 
84
68 197 183 21 187 59 29 133 182 16 84 132 176 179 197 27 85 166 43 101 184 50 113 156 27 167 31 3 188 22 84 14 21 25 187 164 84 19 99 24 187 138 111 165 119 110 147 160 78 145 19 64 151 131 175 177 56 8 135 2 29 175 15 6 155 158 169 194 176 26 20 121 164 130 44 41 195 190 3 75 93 175 94 46 
66
71 179 120 34 72 121 63 49 92 68 7 8 192 3 183 20 176 62 183 64 105 180 62 53 138 92 145 115 186 147 179 15 84 101 49 155 177 67 160 27 90 122 34 84 80 172 103 58 36 45 122 140 27 183 192 164 33 96 38 21 1 19 189 84 75 40 
43
54 62 156 37 151 80 70 37 160 1 95 173 189 139 97 132 121 38 82 44 71 133 81 47 133 99 38 19 173 33 16 182 94 171 21 47 10 47 39 169 47 134 100 
40
75 197 125 152 190 163 195 19 54 78 66 187 132 59 8 63 48 176 47 141 106 24 144 115 70 182 42 72 118 97 65 149 96 146 59 45 67 56 63 120 
91
84 109 23 99 73 85 146 51 87 45 112 110 144 182 179 129 179 9 5 79 74 109 130 22 167 174 44 25 193 163 69 35 75 91 89 147 131 37 153 21 38 24 130 181 8 68 68 187 76 29 68 105 137 153 82 107 130 125 87 81 91 156 115 121 5 7 26 92 196 134 68 189 157 153 129 165 23 152 110 55 180 133 115 76 88 197 138 173 80 27 56 
128
138 127 49 99 89 30 190 43 164 60 188 123 15 75 46 191 29 155 4 165 46 118 43 90 73 180 65 153 162 77 37 59 159 86 157 6 71 105 4 37 164 191 160 134 68 8 83 53 119 86 20 120 7 62 12 35 197 77 143 117 109 180 175 70 24 134 75 94 41 78 131 160 28 49 53 95 12 135 147 130 24 122 9 183 139 20 20 138 96 119 14 7 101 188 32 80 125 62 173 121 140 62 40 123 110 92 173 122 29 123 10 8 3 18 146 142 191 122 38 89 43 51 52 143 42 39 25 122 
103
153 1 196 18 40 121 83 131 96 160 116 174 126 79 177 99 28 121 92 149 114 181 191 165 188 92 162 29 72 86 85 180 86 83 197 82 159 39 168 58 1 86 187 126 121 166 28 148 45 119 55 159 58 48 82 4 95 46 33 122 131 117 104 172 156 60 56 117 98 27 174 54 68 164 180 188 88 163 94 89 40 148 6 98 151 87 101 48 88 89 125 21 162 32 148 120 47 160 39 100 142 169 153 
14
91 91 156 134 12 52 25 52 3 30 105 109 72 8 
159
159 53 40 135 17 71 86 92 73 4 130 172 145 57 128 112 147 174 70 84 186 78 108 40 36 94 144 144 165 107 59 83 115 99 20 131 125 61 25 1 64 111 172 164 167 102 35 73 79 104 112 23 137 175 62 172 71 161 75 192 26 133 77 141 34 52 74 159 113 55 115 132 121 89 55 46 147 89 74 181 148 185 6 88 163 23 18 189 183 48 183 11 181 18 151 170 26 181 87 94 191 4 28 70 49 38 71 195 126 145 178 33 132 183 76 53 8 49 45 146 97 183 112 36 4 66 161 29 5 7 122 151 10 105 23 58 99 49 11 180 193 188 15 84 129 90 136 92 95 180 40 191 122 152 182 81 173 145 109 
135
151 186 86 117 49 64 130 103 112 141 86 64 87 100 147 19 146 85 110 43 24 106 189 145 60 173 28 188 120 92 123 30 36 11 146 40 30 78 143 97 174 31 160 64 86 109 82 187 150 147 32 173 55 176 76 70 151 59 60 30 106 182 59 141 148 160 136 133 193 81 33 170 67 192 189 109 60 29 98 12 175 86 140 186 64 18 14 171 76 74 3 137 14 17 80 118 176 171 53 127 11 41 99 77 36 90 141 95 118 195 62 52 83 4 193 102 21 9 31 52 82 186 188 52 5 26 125 136 196 133 66 162 174 120 195 
14
166 138 62 42 135 123 93 173 82 88 34 102 53 64 
111
90 53 55 141 13 36 24 105 187 157 170 152 133 48 149 100 16 45 117 58 136 42 106 111 123 150 144 180 5 164 47 94 19 57 191 184 92 170 91 37 129 19 188 64 67 95 163 38 140 82 51 78 79 157 144 157 65 47 95 69 13 97 118 184 153 67 126 3 40 20 40 168 191 183 188 60 81 109 54 176 147 104 12 28 63 111 141 83 157 38 107 125 91 181 67 2 50 193 5 45 168 197 169 161 182 115 177 21 26 33 152 
174
92 163 156 111 33 99 193 189 92 103 73 182 86 139 184 91 90 144 92 16 143 63 177 83 133 112 104 158 100 58 89 191 177 47 104 12 101 100 156 192 5 31 133 46 126 75 136 171 21 30 187 119 48 122 4 180 36 63 97 91 121 185 84 100 34 188 67 134 46 25 84 6 56 19 51 137 49 142 110 25 128 55 143 175 176 103 114 167 165 13 60 44 153 100 143 186 90 165 78 91 190 161 96 4 136 146 140 140 90 8 165 173 63 66 107 41 124 23 164 92 188 179 135 99 81 37 87 126 4 120 19 149 39 114 152 130 62 94 73 108 58 40 83 120 61 189 116 185 167 82 35 113 20 169 14 100 161 56 29 121 175 47 28 170 161 180 102 178 32 174 44 89 169 83 
13
33 74 83 20 197 120 54 112 139 178 82 42 98 
139
26 174 71 28 4 43 144 183 144 81 171 121 124 62 48 9 29 80 39 67 55 191 186 64 61 128 1 142 125 98 82 106 30 108 133 33 150 36 172 52 116 101 128 42 118 176 7 146 58 1 15 113 191 157 132 54 43 132 196 123 185 36 31 17 143 119 6 51 154 133 58 28 36 186 70 153 164 32 58 177 32 28 48 25 140 180 34 182 114 185 107 102 23 93 74 121 15 79 127 124 167 185 152 158 173 177 70 95 11 127 74 195 110 78 175 53 60 11 37 129 196 100 186 174 192 63 54 162 97 136 89 23 79 196 180 10 175 52 104 
143
134 134 138 47 14 115 55 73 81 47 157 35 146 146 12 141 11 21 61 63 156 105 85 191 103 68 3 36 75 107 176 12 196 72 14 12 142 68 40 26 114 196 60 63 100 27 159 66 47 175 129 159 83 16 152 185 39 154 177 114 19 111 81 17 183 94 181 83 161 23 108 33 175 124 51 77 150 12 143 153 187 30 70 28 1 177 168 40 89 147 109 64 17 189 80 2 41 20 40 157 42 104 189 172 30 43 52 135 10 150 46 152 179 71 179 179 6 150 174 95 55 41 114 71 185 193 28 28 15 68 140 13 127 132 140 156 174 147 49 139 99 51 94 
38
121 31 171 127 136 147 177 191 144 93 20 87 44 4 115 15 71 57 180 197 144 122 111 76 72 115 18 126 165 67 162 45 97 135 127 189 40 106 
140
183 154 157 29 153 160 143 167 186 155 149 141 58 30 54 133 101 125 106 29 92 172 146 136 28 83 65 172 79 126 112 20 82 71 48 191 187 146 160 175 60 68 75 117 97 128 8 153 11 114 137 103 44 86 194 27 124 62 1 5 143 112 25 181 139 72 174 128 21 136 61 80 159 135 152 14 22 159 166 32 75 62 90 75 147 87 101 29 104 102 34 49 169 58 32 110 85 161 193 61 100 13 140 17 103 94 31 124 12 152 112 86 169 4 116 74 46 20 103 149 77 136 154 4 149 185 70 36 105 21 97 160 33 192 176 136 45 162 18 56 
119
129 97 44 89 16 118 134 188 23 86 23 158 195 26 65 138 95 56 45 116 152 7 104 103 183 42 103 147 60 158 22 144 13 66 35 28 183 169 171 161 13 193 77 10 22 141 147 72 196 148 143 107 154 50 165 139 91 70 45 106 30 22 53 42 43 87 26 181 14 196 144 179 148 23 144 169 119 50 196 118 197 142 27 153 147 191 51 193 19 51 102 48 28 110 45 71 152 26 54 122 178 154 103 128 132 6 55 54 11 53 171 10 150 153 118 55 102 124 51 
122
130 152 123 158 20 123 31 171 149 40 95 129 149 154 15 84 159 69 137 169 77 66 134 183 174 54 40 78 134 90 153 66 197 78 26 19 156 12 146 107 8 43 191 156 196 8 195 113 76 90 84 109 155 173 94 87 30 133 120 119 179 75 184 134 108 166 109 67 177 57 129 184 99 123 99 54 130 96 166 162 186 9 73 99 181 166 142 166 57 64 87 191 95 30 128 158 151 39 180 130 51 112 73 105 37 127 158 122 178 83 86 166 47 158 24 30 82 165 152 95 184 41 
90
81 26 171 42 176 12 24 65 18 135 93 123 127 22 39 8 2 121 93 124 167 10 103 153 47 26 107 141 12 103 185 93 129 158 90 63 170 113 83 187 7 131 68 89 108 107 96 66 30 145 189 153 154 50 108 3 75 17 100 86 119 87 134 6 47 26 25 172 95 63 118 101 194 185 145 104 94 197 169 80 144 116 35 100 165 98 58 42 114 113 
86
188 2 20 150 5 46 130 176 140 192 52 196 144 40 143 51 89 142 175 124 44 94 158 143 61 58 157 59 127 72 142 74 30 161 179 187 162 111 121 104 61 173 102 8 168 4 14 15 101 188 139 145 84 99 46 101 113 158 115 195 186 59 71 18 175 8 7 140 118 127 2 179 58 60 142 28 19 155 43 119 145 181 22 185 38 24 
90
106 181 158 104 169 172 130 142 149 138 104 47 14 34 5 148 47 64 92 75 82 49 73 156 150 12 134 137 49 157 180 111 96 140 17 24 114 102 121 21 42 28 24 12 17 28 159 63 91 54 93 128 58 165 86 163 176 22 102 181 134 40 94 186 135 66 12 7 167 132 28 165 115 7 176 131 34 93 194 80 102 89 10 116 13 95 81 188 73 139 
129
162 178 23 150 72 44 117 78 14 8 105 134 122 111 68 12 100 160 8 179 21 52 188 136 20 42 19 164 70 157 93 187 94 72 140 165 115 15 45 84 22 106 173 100 172 43 111 75 159 74 12 135 81 156 73 101 153 91 67 178 7 115 167 56 186 65 176 60 80 23 99 57 84 75 156 59 73 25 89 187 54 56 124 135 167 196 38 122 46 60 102 8 130 28 63 119 92 41 134 171 19 35 31 59 65 142 73 94 123 117 39 176 172 163 113 142 117 106 22 118 121 80 81 54 107 99 128 1 95 
22
128 114 54 114 128 75 14 3 124 136 119 162 115 49 83 183 146 156 48 168 76 168 
8
157 177 68 58 63 68 109 82 
153
25 92 67 108 166 81 110 92 172 184 12 45 35 95 184 181 53 34 107 84 157 68 196 93 135 13 155 158 121 40 112 101 131 178 11 55 17 120 102 145 62 113 189 96 10 131 35 18 164 97 102 80 164 100 172 101 112 85 62 35 124 129 135 13 109 145 67 82 23 168 182 84 40 173 136 49 63 170 67 29 70 124 64 189 26 191 93 138 79 110 172 158 41 66 171 105 166 193 142 189 120 126 31 159 58 166 10 120 95 32 104 120 155 168 111 137 161 159 77 195 71 7 156 111 72 85 172 194 80 116 141 155 45 171 116 58 96 82 177 146 113 83 68 27 9 178 163 126 140 195 123 166 4 
39
36 32 77 10 28 113 81 168 70 125 97 186 182 148 70 117 96 138 3 163 164 11 100 85 92 195 82 18 163 86 10 154 73 87 163 100 2 47 26 
73
127 78 59 68 29 84 184 124 25 142 46 188 109 101 76 3 98 157 173 19 1 183 173 73 28 94 128 29 140 109 55 26 187 70 49 171 153 188 53 177 133 54 168 197 154 2 155 54 114 87 29 71 72 4 143 55 97 30 83 193 138 93 21 83 162 25 12 118 15 65 97 103 118 
25
102 31 177 16 40 94 102 68 164 129 71 65 183 124 50 24 119 144 116 95 29 81 119 194 154 
135
61 53 192 134 32 96 164 11 67 160 60 124 30 179 55 57 47 193 180 96 172 101 42 91 151 27 127 72 23 83 160 39 91 154 128 122 9 51 89 31 13 148 155 42 130 12 98 132 161 80 183 135 136 181 181 45 163 110 72 141 148 35 179 195 144 65 75 108 115 163 139 127 70 52 169 155 63 25 45 179 61 30 117 152 166 100 197 131 166 71 30 116 61 11 69 161 76 144 71 190 65 165 76 134 19 3 91 38 27 135 19 87 121 91 42 45 191 41 176 159 67 8 33 128 172 58 91 6 4 117 151 68 85 29 158 
61
31 7 96 14 98 71 100 174 161 97 21 110 93 196 27 160 160 16 90 90 73 136 51 32 55 4 55 139 186 15 1 172 175 52 185 75 122 44 51 42 140 27 107 189 179 134 151 141 105 196 186 177 134 39 11 188 195 21 130 139 36 
88
70 166 137 57 196 18 56 5 15 152 31 121 143 12 13 96 108 117 94 52 52 183 90 62 173 44 39 61 138 30 146 10 195 42 23 193 15 78 197 29 32 183 105 174 195 118 28 105 190 77 157 45 62 5 62 191 4 100 54 142 129 3 107 126 197 129 77 14 10 76 195 41 18 58 171 15 175 154 75 124 187 187 168 51 148 32 197 151 
134
54 51 63 12 158 145 11 89 24 177 54 56 174 51 73 187 177 87 121 133 117 47 78 107 17 85 57 48 84 163 135 137 170 1 148 130 145 158 174 124 93 31 179 25 37 54 15 16 96 135 104 16 181 182 78 197 69 90 3 152 55 94 92 27 94 195 112 194 112 45 120 7 31 58 32 67 111 2 82 163 136 185 134 119 169 14 74 193 103 32 148 157 125 195 140 174 192 54 126 106 54 5 113 84 62 100 150 128 101 187 93 39 175 29 113 102 195 142 98 100 173 4 16 57 1 155 33 192 164 115 101 21 119 169 
62
180 71 13 66 171 2 115 165 132 143 80 190 97 177 90 196 108 93 14 164 49 124 153 43 91 70 99 67 144 70 126 82 96 94 147 25 96 64 189 183 163 27 175 62 6 67 16 114 115 30 36 163 153 188 162 2 16 19 68 159 45 150 
45
140 46 190 165 97 12 112 83 174 139 60 191 100 127 10 16 197 192 8 119 103 195 39 105 14 57 128 128 101 80 171 197 82 119 120 178 130 34 63 63 128 123 12 31 8 
23
2 160 168 9 81 74 160 119 178 129 132 64 59 188 144 32 187 181 150 65 161 39 99 
29
57 182 105 68 15 112 45 170 74 15 178 111 88 140 185 24 71 75 88 130 66 34 117 11 170 26 76 133 20 
132
115 76 114 22 143 129 89 187 101 163 5 37 32 48 133 172 72 6 50 159 91 115 148 164 81 120 145 156 55 164 88 170 42 5 147 140 89 39 130 145 157 90 181 188 137 116 118 164 78 167 125 168 40 75 90 121 150 37 79 8 3 123 133 44 127 82 140 171 120 72 118 79 117 101 25 12 173 143 176 53 68 59 176 108 134 69 31 86 61 65 49 64 143 137 63 72 175 5 1 97 32 118 132 148 175 112 116 150 13 94 158 81 108 92 144 44 116 130 86 177 194 90 43 140 183 61 167 160 22 168 15 53 
46
102 157 21 17 75 126 182 124 42 65 187 134 164 34 52 96 75 184 49 120 182 144 105 46 113 67 67 39 82 75 83 183 187 59 155 20 185 140 99 29 160 89 118 127 122 126 
180
152 112 29 30 53 172 91 98 44 157 120 82 194 150 120 136 140 179 49 159 122 144 61 106 63 149 27 145 29 108 125 136 22 154 165 74 84 58 127 127 171 5 165 123 155 43 17 53 177 22 14 101 165 30 163 183 134 189 130 162 55 58 56 32 167 177 62 9 37 188 136 163 149 59 45 62 101 17 114 81 38 83 137 159 113 102 144 49 49 77 167 103 90 25 135 15 4 196 23 194 142 114 115 49 172 115 110 32 132 26 68 169 65 7 130 133 65 33 137 113 109 106 172 154 87 109 168 46 63 146 195 160 63 113 12 190 30 121 177 117 103 47 89 123 10 174 58 74 162 194 186 29 103 116 182 145 27 108 190 45 57 188 8 75 59 172 23 44 95 3 161 153 49 8 78 58 137 135 131 102 
90
76 130 146 191 71 93 174 178 41 174 190 184 137 67 45 111 90 89 162 92 8 117 96 15 151 154 107 44 43 11 131 74 97 79 24 167 127 197 147 168 173 96 154 69 162 2 179 10 46 143 57 9 19 153 176 125 65 85 168 63 52 58 137 148 136 160 117 66 115 22 189 46 117 145 114 38 102 96 47 103 194 104 111 15 15 89 95 79 130 66 
143
181 123 36 131 17 195 6 38 68 180 29 114 56 130 30 93 34 81 95 137 78 154 6 48 168 95 143 5 180 164 102 163 45 137 52 61 91 13 99 158 192 83 74 50 15 60 98 49 140 149 141 173 105 146 177 32 196 78 189 178 44 93 143 88 186 150 104 79 162 158 39 157 44 69 162 58 128 19 62 26 167 5 155 30 107 134 17 105 167 9 42 13 57 140 56 45 93 115 123 57 76 118 169 119 142 90 176 72 108 41 53 33 1 163 18 107 99 35 168 24 43 12 36 55 107 47 100 2 162 178 15 40 98 183 114 42 75 48 69 138 88 78 170 
47
43 188 107 98 178 77 121 23 44 113 33 151 115 132 108 35 113 122 30 166 108 143 164 138 191 188 79 37 24 7 81 67 150 144 120 130 23 196 108 23 111 141 173 182 31 83 19 
145
161 49 68 71 191 187 164 184 177 45 177 4 8 16 26 113 159 101 46 182 99 109 7 13 52 135 194 39 173 168 181 136 19 7 162 13 193 129 152 129 129 131 88 136 147 113 52 108 16 53 48 70 161 10 38 169 100 187 10 32 158 146 167 176 153 88 144 104 19 55 35 103 141 122 195 90 190 5 154 161 57 157 34 173 123 71 144 25 61 109 56 21 58 179 152 166 25 99 28 43 153 19 145 96 96 98 142 89 102 54 52 158 166 41 134 91 112 36 72 128 101 83 148 114 20 102 38 44 156 65 86 67 83 187 163 179 87 63 26 189 116 33 105 40 74 
196
131 141 186 5 71 89 43 21 5 63 78 42 106 190 62 148 59 145 137 24 82 179 42 63 126 113 95 187 153 168 183 86 111 171 46 181 18 88 157 22 150 191 63 59 183 125 9 44 28 101 24 65 38 65 127 120 178 24 109 133 148 50 174 61 177 22 1 194 109 113 19 18 106 37 32 91 117 40 91 100 96 114 164 133 134 49 11 114 73 119 5 176 125 178 192 104 155 192 100 23 108 118 40 169 111 71 19 30 66 109 130 161 178 52 52 114 101 63 184 129 137 144 107 64 125 101 167 82 52 26 104 115 143 99 86 56 125 60 42 190 168 171 109 104 25 161 174 81 179 116 12 74 62 118 138 142 175 63 27 29 88 86 143 187 141 184 1 68 47 42 61 170 15 169 77 193 88 9 76 69 124 44 99 185 161 39 130 138 57 112 122 101 153 67 90 52 
10
200 103 51 19 10 1 2 2 3 4
120
130 34 148 29 174 26 3 128 189 156 154 15 131 86 90 58 41 53 160 34 98 141 8 190 147 157 72 38 45 172 155 175 8 61 6 138 42 9 68 33 120 24 47 9 65 93 67 106 101 182 139 154 81 103 147 30 62 21 67 63 148 177 40 156 193 1 96 38 162 163 26 41 187 29 49 10 121 115 115 177 100 57 133 136 115 82 166 132 59 188 194 9 124 189 120 75 190 18 68 110 137 94 150 82 78 2 91 154 72 162 133 127 21 68 66 91 106 187 25 164 
135
175 128 59 166 51 90 158 24 157 71 160 9 176 44 86 177 91 42 8 55 174 134 31 1 155 121 106 144 101 28 80 78 155 94 47 161 183 160 185 99 186 103 107 165 103 149 100 193 190 107 50 123 44 36 79 1 156 140 101 15 167 180 93 80 76 139 44 18 101 184 116 90 89 25 13 191 129 112 142 122 22 147 3 21 182 37 21 96 176 121 111 101 59 6 180 91 100 179 108 156 165 26 4 13 6 16 159 135 84 104 15 105 53 170 125 191 9 101 89 140 178 155 43 39 116 25 85 18 160 192 130 83 20 133 95 
181
105 13 116 188 116 130 95 124 58 175 117 66 34 162 161 14 119 6 9 38 183 93 11 145 88 140 184 63 32 37 44 136 49 115 126 164 3 176 47 60 109 163 81 142 83 44 156 5 5 120 195 188 168 161 91 14 60 33 77 91 70 76 182 118 147 66 41 149 197 87 165 108 52 4 52 135 4 163 95 8 41 48 151 12 11 1 25 26 33 57 116 102 89 56 176 38 121 19 142 120 105 65 183 112 69 38 49 28 156 99 188 197 146 142 11 113 98 188 138 86 48 13 144 136 24 122 129 145 140 29 23 47 94 9 114 118 2 163 101 157 20 91 156 122 188 122 37 88 113 130 174 160 142 76 54 166 197 138 69 95 166 47 141 18 11 57 91 165 175 147 125 151 41 39 75 31 161 111 75 32 196 
9
147 97 82 3 65 81 96 89 175 
22
91 74 191 102 86 40 69 20 187 149 170 30 144 3 16 63 69 46 94 67 52 43 
165
89 1 183 125 96 30 102 71 121 131 64 178 173 104 5 148 93 110 76 78 56 78 93 74 146 139 167 168 146 165 134 38 165 119 162 19 105 23 89 28 109 153 8 84 15 165 187 107 77 65 184 132 98 35 8 2 173 130 170 78 53 106 115 20 180 79 191 87 57 39 70 166 147 33 8 161 1 195 70 33 18 12 165 116 46 128 117 175 17 45 55 69 106 169 45 45 6 191 87 63 32 157 31 178 145 38 141 145 188 166 178 9 177 101 124 179 184 196 156 156 197 13 181 105 181 28 149 142 21 39 7 9 151 190 142 98 31 86 2 21 10 135 29 143 191 108 124 177 63 82 92 18 94 75 122 33 58 30 130 34 24 137 42 174 129 
186
30 115 28 31 136 190 165 120 135 114 184 61 50 5 98 141 22 147 18 99 179 31 128 112 64 151 7 62 83 91 48 113 9 31 99 100 23 23 175 158 136 117 174 185 121 75 128 98 24 101 153 159 131 83 29 151 190 188 15 75 81 18 143 89 48 45 144 26 67 122 139 5 41 116 190 118 146 76 171 125 133 126 42 66 12 70 172 157 60 186 187 97 6 133 185 9 133 88 35 2 12 129 159 8 47 107 125 148 183 99 32 118 180 73 139 147 99 114 106 114 58 52 13 20 184 154 181 75 44 171 32 55 103 190 18 105 56 143 12 194 197 43 114 135 115 11 85 169 80 190 86 94 44 54 113 183 10 52 60 53 26 47 63 128 40 81 35 95 179 2 91 134 44 160 71 115 126 111 86 162 60 127 58 103 181 126 
47
190 177 60 2 5 107 20 88 102 56 79 152 190 80 45 126 124 160 153 41 44 22 82 8 81 12 65 140 192 190 184 140 126 2 141 86 64 117 174 165 172 11 119 165 90 119 49 
171
37 157 165 81 179 50 88 62 17 109 4 11 57 143 106 182 101 50 71 164 166 3 88 96 13 162 63 58 40 112 30 76 27 150 112 8 2 3 26 171 67 29 181 123 128 46 64 31 95 134 150 19 92 40 70 60 5 133 117 44 3 102 75 29 55 187 37 12 145 62 183 14 46 122 136 129 167 155 159 20 91 112 191 138 107 64 197 111 152 73 110 154 174 185 138 31 174 174 196 121 191 181 134 193 61 28 124 184 183 42 6 32 109 153 170 18 19 125 129 126 197 41 82 174 28 22 160 4 152 158 80 101 97 16 52 114 197 176 100 182 173 61 169 84 16 97 101 187 178 32 115 177 29 152 109 12 174 28 16 84 141 51 184 41 67 39 110 22 170 12 159 
147
28 130 184 44 183 87 186 163 75 104 142 103 58 10 114 187 37 85 73 177 136 16 173 158 54 85 135 179 52 96 82 80 28 68 79 166 154 23 131 184 126 32 89 140 41 159 85 33 2 158 12 93 173 141 9 182 181 143 163 36 41 3 71 25 70 105 190 179 127 124 122 12 111 166 107 151 127 191 183 85 151 150 177 82 93 142 66 77 87 184 68 128 142 94 108 167 1 100 149 83 179 73 94 92 41 3 1 124 194 139 164 103 92 99 185 140 43 9 19 130 149 42 16 93 135 123 63 135 178 167 21 160 195 114 10 191 73 164 73 69 105 39 127 152 94 114 95 
138
79 69 68 183 111 83 78 48 161 96 139 142 21 159 104 171 31 69 121 103 35 149 127 140 188 13 50 84 126 144 175 160 169 46 145 82 84 179 85 4 33 26 145 10 140 7 180 171 75 59 32 66 11 115 161 154 127 13 193 11 113 170 171 84 171 74 121 14 11 8 17 44 187 161 53 129 123 188 102 197 50 90 21 16 7 181 169 89 150 164 99 65 136 28 104 66 58 27 79 68 34 95 111 176 58 119 108 136 66 12 91 115 57 112 86 19 95 57 107 47 176 162 67 114 145 170 179 5 196 60 73 186 110 183 164 123 61 74 
63
126 42 152 196 54 66 84 73 116 96 135 119 74 55 185 143 3 158 81 7 112 96 79 56 9 21 23 131 37 52 192 162 49 146 116 103 167 2 131 85 97 68 6 126 123 147 71 81 63 151 87 174 50 122 33 58 98 11 188 90 18 138 54 
69
86 125 125 55 126 58 96 178 81 101 106 159 6 132 42 68 86 85 45 135 162 33 192 18 43 138 107 60 79 160 82 120 87 9 131 168 22 29 104 103 85 165 20 91 99 18 158 184 102 158 77 66 190 27 39 188 165 145 51 2 63 88 77 105 97 10 75 118 191 
136
176 79 101 152 125 2 169 41 142 73 2 21 94 147 48 132 138 168 35 144 169 97 34 4 4 86 14 34 160 160 167 138 194 26 48 121 180 19 118 124 91 119 145 140 68 148 30 161 118 64 107 45 160 141 48 119 29 17 152 144 177 77 41 173 102 88 53 85 107 170 164 153 47 67 96 70 17 81 34 90 145 140 134 63 39 182 182 24 154 136 167 133 16 10 65 73 98 73 157 160 1 124 115 3 146 166 72 163 50 105 55 150 4 189 15 42 129 196 21 41 91 188 130 106 197 194 134 53 25 94 15 178 173 86 180 121 
56
10 42 103 71 97 55 74 44 26 71 128 24 92 168 70 82 100 131 37 52 68 46 32 117 16 12 92 101 147 168 155 157 13 16 30 65 27 59 64 52 129 191 31 176 117 57 16 173 187 9 180 57 54 168 173 25 
181
23 126 85 191 39 197 159 10 29 26 189 43 45 196 127 191 30 106 110 86 121 41 31 85 24 88 138 191 19 119 128 42 3 168 188 194 167 149 6 151 130 195 193 130 193 123 123 178 31 35 22 107 32 53 192 11 96 88 157 114 162 43 111 164 14 101 160 180 8 122 134 93 75 129 25 26 10 147 7 193 138 181 103 169 189 53 135 87 96 94 157 61 136 70 27 149 127 143 88 134 67 24 30 141 108 54 166 118 157 128 113 97 112 171 24 103 179 158 146 78 10 105 138 145 174 120 53 103 65 140 193 131 119 25 30 182 34 196 58 146 82 127 45 193 100 24 55 38 137 3 115 146 107 11 50 39 130 102 142 151 197 137 84 74 117 70 58 106 24 116 55 105 45 55 101 100 79 155 137 171 113 
12
120 22 20 169 60 106 29 157 59 181 96 98 
59
168 167 114 77 190 185 131 98 185 185 154 44 22 111 180 193 26 146 71 3 165 195 18 73 26 175 87 162 29 185 21 197 154 90 32 147 34 162 3 21 105 156 20 83 69 3 34 50 104 104 8 27 101 25 100 82 2 142 46 
186
129 22 183 86 67 17 188 56 134 190 33 194 148 52 35 172 10 68 177 113 171 184 140 30 164 195 111 122 139 112 108 71 89 93 112 112 65 102 167 154 94 2 106 197 54 141 171 63 11 106 132 182 92 74 167 14 27 81 135 165 148 45 191 193 93 105 107 113 9 32 69 58 187 175 13 196 74 183 17 84 91 148 24 138 177 191 152 6 30 45 171 133 90 164 128 138 28 190 54 189 178 78 50 167 11 62 165 84 4 181 168 50 88 191 144 67 140 54 73 169 98 2 61 143 121 188 84 148 137 137 140 117 17 145 86 28 162 9 111 121 145 37 127 35 184 73 102 126 82 130 54 135 131 114 81 54 60 164 5 196 59 100 71 31 47 112 58 11 120 125 132 68 117 17 58 103 89 159 185 126 91 194 63 177 110 143 
36
125 65 191 124 123 93 194 110 95 65 123 61 184 50 148 10 123 164 68 28 11 182 168 136 32 164 2 11 32 100 197 157 165 146 39 46 
43
188 155 91 55 81 152 195 86 102 7 164 69 30 192 79 15 118 18 46 41 172 12 72 74 12 184 194 157 25 196 154 16 109 47 26 145 1 23 34 59 30 197 127 
17
147 161 29 24 134 30 64 108 42 91 138 9 78 134 121 102 132 
35
73 44 80 99 188 36 77 177 50 62 133 132 77 38 96 105 17 32 91 80 140 88 171 80 96 51 169 172 108 60 8 181 103 43 38 
51
34 114 182 84 132 73 18 11 66 69 71 83 101 161 162 196 51 91 34 102 141 158 33 8 20 40 144 78 38 181 83 71 53 67 110 140 95 84 150 160 152 24 45 11 140 163 162 147 56 195 7 
155
112 39 160 131 34 62 12 71 1 94 98 53 116 10 193 166 49 101 128 4 80 129 14 176 50 176 125 105 129 87 16 43 126 131 130 159 192 97 186 192 146 42 4 20 51 152 185 56 11 71 59 91 2 28 69 7 159 149 68 47 38 83 45 163 170 174 81 164 73 25 115 21 66 74 40 72 181 180 127 191 54 141 40 11 169 108 18 86 59 85 132 53 123 133 171 95 109 54 18 138 34 132 114 55 161 110 127 144 92 12 93 101 153 133 112 80 43 85 121 58 125 56 66 50 188 39 101 55 49 118 148 82 8 65 137 168 174 22 70 24 33 162 81 141 53 148 176 52 35 100 109 115 155 130 120 
103
168 23 111 19 96 62 101 103 126 193 29 58 170 54 37 5 19 117 102 71 67 80 78 57 179 186 171 92 74 50 148 45 72 62 63 168 123 119 29 7 70 58 20 42 67 12 3 41 85 104 68 107 139 145 164 121 90 93 168 163 142 119 10 170 180 73 96 61 147 124 23 20 137 195 17 7 9 19 47 93 78 114 3 20 62 122 140 151 170 110 116 71 31 82 43 166 110 138 182 59 20 7 34 
159
4 51 119 166 69 165 17 103 38 172 122 55 52 64 161 25 129 79 95 116 116 137 84 28 33 25 87 52 31 76 11 188 126 129 112 151 53 128 56 46 59 177 100 110 196 63 90 127 97 184 45 16 79 85 43 111 109 85 119 95 161 129 41 45 17 152 195 25 39 9 70 53 141 169 162 139 187 11 25 86 194 25 101 76 109 100 142 173 184 63 27 103 148 67 148 120 175 101 144 169 66 16 24 9 140 141 104 129 151 128 17 148 108 74 179 173 129 79 148 71 98 174 174 48 197 80 167 174 136 69 145 4 84 168 166 179 111 72 110 21 155 82 124 65 155 105 40 42 139 144 113 39 120 89 42 75 124 164 51 
64
35 151 66 74 121 34 55 188 61 120 11 171 5 90 38 115 150 34 157 91 177 28 86 55 72 127 130 195 94 136 59 84 90 80 158 13 69 168 156 85 91 122 58 51 14 96 121 163 129 36 13 64 63 98 118 134 180 6 87 76 142 102 116 34 
183
76 2 9 2 114 93 48 38 151 98 8 49 175 126 133 13 138 152 32 191 28 165 174 34 55 8 131 156 123 164 95 154 121 103 156 37 196 6 31 105 60 191 153 37 119 44 49 16 151 80 9 178 4 138 14 14 146 100 125 71 22 175 181 143 81 139 135 35 100 121 139 159 114 50 195 189 49 3 7 2 38 168 179 41 65 149 10 13 51 134 39 29 68 22 171 104 116 64 138 19 185 35 177 57 40 131 48 44 133 10 45 170 134 179 167 1 86 176 166 93 69 160 121 92 138 50 195 56 69 135 74 56 125 10 69 120 140 116 163 31 82 163 156 18 100 125 171 142 60 95 37 84 57 113 175 194 118 172 53 186 65 82 45 145 47 69 67 142 184 185 172 24 150 131 194 8 14 167 149 73 20 141 156 
79
56 133 73 173 63 81 162 127 163 162 74 165 186 96 110 172 83 84 152 188 170 148 152 184 74 103 59 93 47 171 169 58 62 1 187 125 81 107 10 2 27 40 167 15 135 79 142 174 162 96 120 91 47 74 77 76 133 135 168 135 108 96 192 170 96 181 53 132 46 62 134 72 101 59 86 192 137 31 124 
59
82 46 147 128 76 26 159 11 117 86 145 27 181 95 152 35 35 7 122 80 25 58 152 81 72 193 31 11 26 154 24 108 156 170 191 187 152 109 197 71 194 100 53 177 194 8 167 31 167 91 67 147 105 21 31 176 16 61 143 
197
171 166 61 85 94 10 74 48 118 73 74 114 128 127 49 80 90 18 67 15 65 133 162 125 109 148 103 80 164 48 33 137 169 93 177 66 59 53 113 132 81 143 49 11 72 53 47 117 27 113 131 91 48 95 18 156 45 76 191 165 80 27 104 51 75 40 116 133 92 185 68 173 130 72 139 157 80 185 76 106 100 9 152 103 60 169 17 60 4 11 27 83 37 87 133 111 126 8 3 20 148 26 192 80 97 90 192 176 77 70 41 133 34 192 38 93 120 55 153 123 65 179 161 57 68 96 123 149 59 81 169 9 106 119 44 158 11 38 93 44 63 133 176 97 127 16 145 49 26 100 127 46 38 90 102 61 142 181 13 3 64 137 165 170 58 11 130 25 5 25 68 67 113 46 119 43 17 67 47 43 122 130 88 159 175 190 176 119 129 188 78 192 127 45 164 140 11 
55
164 15 33 187 82 146 35 156 144 52 25 146 94 147 34 181 64 12 129 42 130 60 185 163 11 70 10 130 166 174 182 132 188 171 122 28 75 112 184 174 119 11 122 168 113 156 108 177 167 39 174 55 55 118 21 
23
143 183 150 111 159 91 2 106 20 79 133 94 190 119 70 68 86 147 38 154 105 145 89 
32
140 66 41 150 139 61 170 84 2 78 151 161 168 152 69 187 33 157 39 178 35 108 48 120 58 86 76 118 186 165 104 128 
188
144 80 83 160 8 122 161 86 75 80 12 29 104 155 17 64 193 195 98 60 1 173 73 42 7 190 31 127 52 114 115 195 150 153 157 157 78 77 1 152 156 13 181 19 123 153 82 118 150 179 177 107 110 52 148 116 1 134 46 52 51 116 6 156 72 118 71 149 194 72 103 109 40 42 127 162 195 164 38 103 101 18 165 13 25 116 128 25 8 173 33 58 92 191 169 119 111 43 70 64 114 128 128 109 126 13 29 79 176 66 137 35 83 105 47 64 176 130 44 183 62 32 197 109 25 168 30 92 13 55 155 82 182 41 146 66 53 174 144 184 43 40 21 81 144 23 144 122 152 188 107 16 22 62 80 3 33 109 94 1 163 7 83 104 47 31 169 55 161 72 41 6 111 17 42 57 39 186 134 146 132 196 118 109 61 197 111 93 
111
160 93 30 166 131 133 168 118 105 25 81 132 21 42 45 37 83 57 31 27 190 177 114 188 97 26 7 52 92 99 116 11 148 146 176 37 81 147 154 141 127 190 75 148 34 119 184 73 131 18 99 123 150 16 70 5 194 76 56 44 131 172 54 37 120 33 73 156 135 183 100 64 131 174 14 165 52 154 40 182 127 94 64 79 109 133 83 61 164 94 105 97 68 158 89 143 146 118 102 83 59 157 103 189 89 72 112 140 28 107 81 
156
4 144 35 68 79 73 129 1 123 36 98 146 149 142 92 98 62 149 180 120 64 41 68 152 113 179 95 140 89 175 53 48 77 43 115 155 116 2 155 194 190 11 142 142 109 36 42 170 140 177 49 6 174 116 158 89 53 11 184 97 141 39 144 20 82 18 130 153 172 43 149 165 54 93 109 118 85 106 90 180 41 94 186 17 165 102 105 174 112 48 73 55 86 173 74 123 190 159 34 164 4 138 131 13 34 195 130 74 59 176 56 100 72 197 72 193 101 133 169 168 180 44 178 24 19 10 147 164 168 136 131 172 77 20 184 66 171 117 139 32 95 150 87 122 150 115 73 9 50 44 177 185 44 157 11 18 
169
113 138 137 52 71 111 84 46 54 149 172 170 90 160 23 195 5 100 147 119 173 156 124 19 91 111 18 6 78 189 172 190 129 68 197 155 134 83 3 187 34 131 115 79 93 93 77 97 193 179 172 168 93 98 142 183 12 160 145 89 151 119 37 82 142 190 39 79 75 194 24 65 127 95 99 175 187 175 31 182 113 5 108 8 102 53 147 113 168 94 157 77 168 150 114 113 142 152 147 172 104 126 192 187 23 94 164 166 27 194 150 139 1 61 103 59 69 52 127 39 101 87 115 71 192 31 139 136 138 44 66 197 126 61 186 148 154 109 116 180 61 25 78 18 41 180 76 109 187 158 103 90 3 20 116 194 6 14 88 99 57 154 98 138 17 43 45 126 107 
118
64 167 140 141 140 136 123 171 47 112 132 149 157 134 124 76 87 85 89 174 139 101 86 40 195 58 38 42 183 100 157 50 69 100 146 165 38 28 138 41 95 28 145 55 118 28 86 7 68 130 180 10 186 25 5 183 82 42 27 68 141 184 73 165 42 21 88 35 4 182 31 99 12 176 153 85 159 194 91 29 126 30 38 114 54 42 100 135 39 82 158 135 68 33 59 65 10 102 100 13 86 130 111 54 64 22 94 25 171 185 10 99 170 47 169 26 45 27 
118
39 108 77 130 132 65 144 152 74 4 54 43 90 140 109 99 159 87 192 140 60 135 149 159 107 151 86 132 151 112 51 146 175 83 78 65 147 177 20 24 180 29 22 28 124 130 82 42 19 77 181 79 167 88 193 77 41 81 164 148 148 170 96 81 55 129 146 5 64 121 181 46 149 5 30 32 90 111 73 109 143 56 143 113 143 138 189 139 174 111 45 80 84 140 116 138 27 20 98 90 140 37 92 48 41 121 79 87 34 151 151 177 162 96 48 63 189 192 
159
121 105 5 3 188 144 118 129 127 138 182 19 36 22 110 83 18 33 161 104 23 70 57 155 34 152 5 52 99 196 12 22 103 16 24 50 115 98 134 44 191 118 19 29 139 128 68 157 117 184 19 95 13 76 52 2 183 56 54 85 10 65 106 68 80 86 117 150 139 53 194 132 127 15 116 68 98 139 180 170 126 2 67 138 33 118 139 171 129 148 58 94 15 120 118 50 8 37 3 102 46 152 36 172 122 107 195 175 49 134 148 130 135 170 26 123 47 120 96 131 71 110 28 41 32 145 91 192 137 49 96 138 3 87 112 124 193 66 57 197 2 7 85 92 177 110 17 26 186 68 156 15 177 139 55 164 42 145 158 
137
193 12 75 151 98 143 33 50 11 90 49 165 96 90 59 31 155 31 12 143 98 124 157 34 21 15 197 63 115 158 197 67 125 30 20 26 172 9 75 138 98 79 105 149 168 119 180 82 149 147 27 6 73 140 39 94 110 191 112 27 107 67 49 35 96 25 60 27 33 90 164 86 124 28 37 51 102 172 132 10 122 158 15 150 56 9 2 165 2 113 148 65 179 196 99 78 23 114 104 11 6 26 96 85 9 89 135 111 63 69 120 140 183 90 49 194 98 50 162 55 163 112 119 100 66 173 177 45 89 39 55 50 21 107 135 29 195 
30
95 16 53 17 112 38 106 160 34 159 12 151 17 130 65 91 33 131 67 165 175 155 160 185 161 136 94 98 120 47 
10
1 1 3 3 7 7 8 8 10 200
10
1 2 3 4 5 6 7 8 9 200
 
